Clouds: 0.3043478
EffectColorA: 8
PlacedObjects: LightSource><441.5831><331.6101><0.3043478~EffectColor2~-191~-4~50~86.60254~0~0~None~0~0, LightSource><693.0531><330.2851><0.2065217~EffectColor2~164~-65~50~86.60254~0~0~None~0~0, LightSource><932.7043><334.0553><0.1086956~EffectColor2~5~203~-200~-204.3975~1~0~None~0~0, LightSource><1146.708><331.8045><0.05434782~EffectColor2~1~189~-212~-112.3975~1~0~None~0~0, LightSource><214.0533><326.0573><0.3586957~EffectColor2~1~171~-19~162.6025~0~0~None~0~0, LightSource><2086.305><616.9565><0.1086956~EffectColor2~-4~50~-137~-586.3975~0~1~None~0~0, LightSource><2450.627><621.9718><0.25~EffectColor2~12~-611~-306.2739~-170.6022~0~0~None~0~0, LightSource><2792.89><620.1672><0.2065217~EffectColor2~1~49~163~-67.39746~0~1~None~0~0, LightSource><1769.982><601.5508><0.5~EffectColor2~-31~-288~30~-171.3975~0~0~None~0~0, LightSource><1469.993><316.1475><0.2582822~EffectColor2~-286~-146~50~86.60254~0~0~None~0~0, LightSource><3132.651><278.6169><0.2065217~EffectColor2~340~114~50~86.60254~0~0~None~0~0, 
FadePalette: 10, 0.6086956, 0.6086956, 0.6086956, 0.6086956
