Template: NC_SettingsTemplate_pumps
WaveSpeed: 0.5
WaveLength: 0.75
WaveAmplitude: 0.04764302
SecondWaveLength: 0.1666667
SecondWaveAmplitude: 0
PlacedObjects: LightFixture><234.6167><442.6223><RedSubmersible~17.32051~-10~31, LightFixture><408.7084><165.8335><RedSubmersible~17.32051~-10~90, LightFixture><957.4114><430.7663><RedSubmersible~-28.9243~108.1021~36, LightFixture><1799.68><560.4309><RedSubmersible~122.6163~-26.36353~90, LightFixture><2759.346><560.0723><RedSubmersible~17.32051~-10~73, LightFixture><2055.927><216.9781><RedSubmersible~17.32051~-10~20, LightFixture><2531.872><290.1144><RedSubmersible~17.32051~-10~17, LightFixture><2320.215><562.3125><RedSubmersible~17.32051~-10~77, LightFixture><1248.357><350.1232><RedSubmersible~17.32051~-10~61, 
AmbientSounds: SPOT><SO_WAT-RunningWater.ogg><737.2954><432.9052><0.3530678><1><568.6746><316.1624><-39.62415><-39.62408><0><0.7031933, SPOT><SO_WAT-RunningWater.ogg><234.9591><508.098><0.3530685><1><689.5759><318.0751><-31.08661><-44.60431><0><0.7031933, SPOT><SO_WAT-RunningWater.ogg><234.0679><389.436><0.3530685><1><810.3441><319.6496><-35.35534><-35.35534><0><0.7031933, SPOT><SO_WAT-RunningWater.ogg><502.4163><387.2017><0.3530678><1><1549.85><320.261><-35.35534><-35.35534><0><0.7031927, SPOT><SO_WAT-RunningWater.ogg><771.4841><91.74135><0.3530678><1><1633.227><322.1903><-35.35534><-35.35534><0><0.7031933, SPOT><SO_IND-Generator.ogg><358.034><231.9684><0.3530681><1><2528.186><216.9642><-35.35534><-35.35534><0><0.200532, SPOT><SO_IND-Generator.ogg><640.636><546.6614><0.3530685><1><2003.283><216.4811><-35.35534><-35.35534><0><0.2082659, SPOT><SO_IND-HVAC.ogg><-1000><-1000><0.4072013><1><2269.108><479.426><-53.85327><-54.5647><0><0.3165303, SPOT><AM_IND-DeepHum.ogg><614.4977><202.8177><0.4072007><1><1247.151><349.3146><-52.43039><-45.31577><0><0.2546645, SPOT><AM_SUB-BlankState.ogg><691.6746><324.7324><0.2525363><1><2995.581><285.5386><-78.75427><-89.42621><0><0.7573262, SPOT><SO_WAT-OpenFlow.ogg><826.5392><406.5775><0.3530685><1><699.8945><632.7577><-87.29181><-122.8647><0><0.2159988, 
FadePalette: 566, 0.9898549, 0.9434556, 0.9279891
