Grime: 0.2065217
Palette: 331
EffectColorA: 8
Effects: ElectricDeath-0.7065217-16-184, 
PlacedObjects: LightSource><792.5587><1366.808><0.2065217~EffectColor1~0~100~125.9999~-62.39746~0~1~Flash~0.6521739~0, LightSource><1431.369><1269.151><0.2065217~EffectColor1~2~119~439~21.60254~0~1~Flash~0.6521739~0, LightSource><1431.356><1269.861><0.6521739~EffectColor1~-6~36~437~-94.39746~0~1~Flash~0.6521739~0, LightSource><2952.426><1267.595><0.1956522~EffectColor1~0~170~-307~57.60254~0~1~Flash~0.6521739~0, LightSource><791.1906><1369.939><0.6521739~EffectColor1~23~34~131.0001~-177.3975~0~1~Flash~0.6521739~0, LightSource><2952.08><1266.817><0.6521739~EffectColor1~-12~36~-478~-78.39746~0~1~Flash~0.6521739~0, 
FadePalette: 10, 0.3043478, 0.3043478, 0.3043478, 0.3043478, 0.4021739, 0.4021739, 0.4021739, 0.4021739
