Template: CC_SettingsTemplate_thunder
Clouds: 0.1956522
Grime: 0.3804348
BkgDroneVolume: 0.2869565
Palette: 332
EffectColorB: 10
Effects: Fog-0.326087-20-20, 
PlacedObjects: GhostSpot><571.6066><2268.581><, Rainbow><392.3093><2055.675><-189~-144~-451.9951~23.04907~0.4673993,0,0,0.4456276,0.7718161,0.3999999, 
AmbientSounds: OMNI><AM_WIN-HowlingWnd.ogg><745.0768><264.9001><0.2173913><0.6282609, 
FadePalette: 15, 0, 0, 0
